Hand	Equity	EV	Bet 0.44	Bet 0.21	Check
AsKc2d	57.553	0.397	40.750	16.452	42.798	
AcJh3s	55.774	0.399	34.024	61.783	4.193	
AsJc2s	55.298	0.381	52.496	5.470	42.034	
AsTh8h	57.559	0.412	75.780	6.481	17.739	
AsTs5h	54.791	0.372	35.588	20.679	43.733	
AdTh2c	56.699	0.411	33.822	65.789	0.389	
Ad9c6d	57.192	0.380	14.797	46.713	38.490	
Ac5s5d	55.387	0.362	0	46.698	53.302	
KcJd8c	57.130	0.421	87.468	2.913	9.619	
Ks8h5c	55.817	0.394	0.468	99.531	0.001	
Kh7d4d	54.749	0.365	0.001	70.624	29.375	
QdJh7h	54.793	0.372	26.275	33.699	40.026	
QsTd6c	56.631	0.411	1.404	98.595	0.002	
Qd9c6d	54.947	0.382	70.757	0.011	29.232	
Qd9h5d	53.570	0.374	71.233	0.007	28.760	
JhTs9h	56.721	0.402	42.842	44.205	12.953	
TdTc8s	56.432	0.385	0.016	79.990	19.994	
8c7h3d	53.435	0.353	45.242	22.369	32.389	
8h3c2s	54.769	0.374	22.905	76.117	0.978	
7c5h4s	50.638	0.325	22.510	18.445	59.045	
AsAhJh	56.111	0.413	32.873	67.059	0.068	
AsQhTc	58.533	0.486	99.893	0.074	0.033	
Kd7s6h	55.588	0.372	0.004	72.416	27.580	
Kh6c4h	54.874	0.359	0	55.289	44.710	
QcJc4d	55.361	0.377	21.991	44.470	33.539	
Jd9c7c	54.664	0.357	20.595	26.580	52.825	
TdTh4s	54.254	0.363	0.001	70.074	29.925	
9c6d6h	56.384	0.378	0.004	75.646	24.350	
6s6h5c	53.375	0.350	0.001	56.705	43.294	
4h3h2s	52.390	0.340	0	46.153	53.846	
KdTc2s  57.994  0.417   0.001   99.997  0.002
KdQdJs  57.136  0.417   47.983  47.645  4.371
KcJc9s  56.929  0.381   4.175   63.053  32.772
KcQh4s  56.710  0.407   29.808  67.723  2.469
KhJc4s  56.583  0.414   27.092  72.772  0.136
AhQs7c  56.554  0.397   10.820  80.340  8.839
AcTsTd  56.529  0.391   0.003   75.602  24.395
9h6s6c  56.384  0.378   0.018   75.514  24.467
Ah9h5h  55.848  0.362   6.835   29.658  63.507
QcJd4h  55.755  0.387   0.002   85.564  14.434
QhJd9h  55.444  0.370   3.906   53.963  42.130
AsQc5s  55.434  0.377   43.231  5.383   51.386
Js8d3h  55.312  0.398   52.472  45.075  2.453
AdJd6h  55.225  0.388   65.316  1.108   33.576
Jc9d8c  55.107  0.364   6.467   49.260  44.272
9d4c2h  54.866  0.364   7.312   87.699  4.989
8h3d2s  54.769  0.374   22.821  76.273  0.906
Kc5d3h  54.688  0.363   0.001   69.454  30.546
9d3d2c  54.641  0.357   23.436  42.420  34.143
9h4c2h  54.288  0.351   20.991  39.994  39.015
8c6h2c  54.167  0.357   16.686  48.338  34.976
Th7c2d  54.060  0.367   33.041  46.415  20.543
5d5h4d  53.870  0.349   0.013   50.797  49.190
9h8s7h  53.100  0.343   13.675  32.925  53.401
9c5h4c  52.818  0.339   18.951  32.742  48.307
Js7s3h  52.508  0.348   36.139  14.502  49.360
8d6h4d  52.484  0.336   14.645  35.658  49.697
Tc5h3h  51.698  0.336   17.241  35.775  46.984
8d7d5c  51.687  0.333   17.982  28.488  53.531
Td5c4d  51.149  0.332   20.997  26.540  52.463
