Hand	Equity	EV	Bet 0.44	Bet 0.21	Check
AsKc2d	57.553	0.397	40.750	16.452	42.798	
AcJh3s	55.774	0.399	34.024	61.783	4.193	
AsJc2s	55.298	0.381	52.496	5.470	42.034	
AsTh8h	57.559	0.412	75.780	6.481	17.739	
AsTs5h	54.791	0.372	35.588	20.679	43.733	
AdTh2c	56.699	0.411	33.822	65.789	0.389	
Ad9c6d	57.192	0.380	14.797	46.713	38.490	
Ac5s5d	55.387	0.362	0	46.698	53.302	
KcJd8c	57.130	0.421	87.468	2.913	9.619	
Ks8h5c	55.817	0.394	0.468	99.531	0.001	
Kh7d4d	54.749	0.365	0.001	70.624	29.375	
QdJh7h	54.793	0.372	26.275	33.699	40.026	
QsTd6c	56.631	0.411	1.404	98.595	0.002	
Qd9c6d	54.947	0.382	70.757	0.011	29.232	
Qd9h5d	53.570	0.374	71.233	0.007	28.760	
JhTs9h	56.721	0.402	42.842	44.205	12.953	
TdTc8s	56.432	0.385	0.016	79.990	19.994	
8c7h3d	53.435	0.353	45.242	22.369	32.389	
8h3c2s	54.769	0.374	22.905	76.117	0.978	
7c5h4s	50.638	0.325	22.510	18.445	59.045	
AsAhJh	56.111	0.413	32.873	67.059	0.068	
AsQhTc	58.533	0.486	99.893	0.074	0.033	
Kd7s6h	55.588	0.372	0.004	72.416	27.580	
Kh6c4h	54.874	0.359	0	55.289	44.710	
QcJc4d	55.361	0.377	21.991	44.470	33.539	
Jd9c7c	54.664	0.357	20.595	26.580	52.825	
TdTh4s	54.254	0.363	0.001	70.074	29.925	
9c6d6h	56.384	0.378	0.004	75.646	24.350	
6s6h5c	53.375	0.350	0.001	56.705	43.294	
4h3h2s	52.390	0.340	0	46.153	53.846	
