Hand	Equity	EV	Bet 0.44	Bet 0.21	Check
AsKc2d	57.553	0.397	40.750	16.452	42.798	
AcJh3s	55.774	0.399	34.024	61.783	4.193	
AsJc2s	55.298	0.381	52.496	5.470	42.034	
AsTh8h	57.559	0.412	75.780	6.481	17.739	
AsTs5h	54.791	0.372	35.588	20.679	43.733	
AdTh2c	56.699	0.411	33.822	65.789	0.389	
Ad9c6d	57.192	0.380	14.797	46.713	38.490	
Ac5s5d	55.387	0.362	0	46.698	53.302	
KcJd8c	57.130	0.421	87.468	2.913	9.619	
Ks8h5c	55.817	0.394	0.468	99.531	0.001	
Kh7d4d	54.749	0.365	0.001	70.624	29.375	
QdJh7h	54.793	0.372	26.275	33.699	40.026	
QsTd6c	56.631	0.411	1.404	98.595	0.002	
Qd9c6d	54.947	0.382	70.757	0.011	29.232	
Qd9h5d	53.570	0.374	71.233	0.007	28.760	
JhTs9h	56.721	0.402	42.842	44.205	12.953	
TdTc8s	56.432	0.385	0.016	79.990	19.994	
8c7h3d	53.435	0.353	45.242	22.369	32.389	
8h3c2s	54.769	0.374	22.905	76.117	0.978	
7c5h4s	50.638	0.325	22.510	18.445	59.045	
AsAhJh	56.111	0.413	32.873	67.059	0.068	
AsQhTc	58.533	0.486	99.893	0.074	0.033	
Kd7s6h	55.588	0.372	0.004	72.416	27.580	
Kh6c4h	54.874	0.359	0	55.289	44.710	
QcJc4d	55.361	0.377	21.991	44.470	33.539	
Jd9c7c	54.664	0.357	20.595	26.580	52.825	
TdTh4s	54.254	0.363	0.001	70.074	29.925	
9c6d6h	56.384	0.378	0.004	75.646	24.350	
6s6h5c	53.375	0.350	0.001	56.705	43.294	
4h3h2s	52.390	0.340	0	46.153	53.846	
KdTc2s	57.994	0.417	0.001	99.997	0.002
KdQdJs	57.136	0.417	47.983	47.645	4.371
KcJc9s	56.929	0.381	4.175 	63.053	32.772
KcQh4s	56.710	0.407	29.808	67.723	2.469
KhJc4s	56.583	0.414	27.092	72.772	0.136
AhQs7c	56.554	0.397	10.820	80.340	8.839
AcTsTd	56.529	0.391	0.003 	75.602	24.395
9h6s6c	56.384	0.378	0.018 	75.514	24.467
Ah9h5h	55.848	0.362	6.835 	29.658	63.507
QcJd4h	55.755	0.387	0.002 	85.564	14.434
QhJd9h	55.444	0.370	3.906 	53.963	42.130
AsQc5s	55.434	0.377	43.231	5.383 	51.386
Js8d3h	55.312	0.398	52.472	45.075	2.453
AdJd6h	55.225	0.388	65.316	1.108 	33.576
Jc9d8c	55.107	0.364	6.467 	49.260	44.272
9d4c2h	54.866	0.364	7.312 	87.699	4.989
8h3d2s	54.769	0.374	22.821	76.273	0.906
Kc5d3h	54.688	0.363	0.001 	69.454	30.546
9d3d2c	54.641	0.357	23.436	42.420	34.143
9h4c2h	54.288	0.351	20.991	39.994	39.015
8c6h2c	54.167	0.357	16.686	48.338	34.976
Th7c2d	54.060	0.367	33.041	46.415	20.543
5d5h4d	53.870	0.349	0.013 	50.797	49.190
9h8s7h	53.100	0.343	13.675	32.925	53.401
9c5h4c	52.818	0.339	18.951	32.742	48.307
Js7s3h	52.508	0.348	36.139	14.502	49.360
8d6h4d	52.484	0.336	14.645	35.658	49.697
Tc5h3h	51.698	0.336	17.241	35.775	46.984
8d7d5c	51.687	0.333	17.982	28.488	53.531
Td5c4d	51.149	0.332	20.997	26.540	52.463
AsAh4s	55.757	0.396	0.052	99.918	0.030	
AdKc6s	57.597	0.411	49.718	34.151	16.131	
AsKc6c	56.955	0.400	63.402	0.004	36.593	
AsKh2c	57.554	0.397	38.463	20.117	41.420	
AsTd6d	55.998	0.401	70.420	5.086	24.495	
AsTh5h	55.154	0.382	46.122	17.282	36.596	
AsTs5s	54.385	0.356	9.700	25.953	64.347	
AsTs2c	55.737	0.385	55.906	4.112	39.983	
As9h6s	57.194	0.380	14.963	46.333	38.704	
Ah9c3h	57.360	0.383	3.917	61.412	34.670	
Ac8h2c	56.926	0.381	0.001	69.866	30.133	
Ah7d2d	55.519	0.365	0.016	54.778	45.206	
As5d4d	53.517	0.345	2.027	39.309	58.665	
Ad5s2c	54.337	0.352	0.081	46.112	53.806	
KhQc8s	58.267	0.444	68.583	31.314	0.103	
KsQc6d	57.123	0.413	28.676	70.897	0.427	
Kh7c3h	54.845	0.363	0.001	61.357	38.642	
Kc6h3h	55.640	0.376	0	77.487	22.512	
QsQhJd	56.164	0.398	0.002	98.505	1.492	
QdJh9h	55.504	0.370	3.979	52.633	43.387	
Qs7h4s	53.033	0.346	0.145	56.938	42.916	
Qh3c3h	54.758	0.366	0.002	80.144	19.854	
JdJc9s	56.808	0.387	0.005	82.999	16.996	
JcTs9h	57.362	0.422	52.127	43.071	4.803	
Jh6h5c	52.302	0.344	4.864	49.683	45.452	
Tc9h6c	54.978	0.362	19.188	33.316	47.496	
Tc9s3c	54.944	0.371	39.279	24.169	36.552	
Ts8d8c	56.577	0.395	0.004	92.390	7.606	
Tc8c6h	54.230	0.358	25.029	28.975	45.996	
Tc7h6s	54.266	0.372	46.159	21.832	32.009	
Td7d6h	53.714	0.358	28.691	30.787	40.522	
Ts5s3c	51.696	0.335	17.637	32.982	49.381	
9h8s7d	53.579	0.350	19.292	28.942	51.766	
9s8c2d	55.730	0.394	83.183	0.009	16.808	
9s4d2h	54.867	0.364	8.006	86.784	5.209	
8d8h5s	54.486	0.362	0.039	67.554	32.407	
8d8h4h	54.867	0.366	0.012	69.464	30.524	
8s8d3s	55.258	0.371	0.044	72.446	27.510	
8d6h4d	52.484	0.336	14.645	35.658	49.697	
7h4d3c	50.942	0.326	24.304	20.928	54.768	
7h4d2h	52.094	0.332	8.165	43.124	48.711	
6s6d2h	54.533	0.356	0.083	61.096	38.821	
5s4h2h	51.864	0.333	12.229	31.820	55.952	
4s4d2c	54.124	0.349	1.340	60.636	38.024	
4s3h2s	52.475	0.341	0	46.246	53.754	
