Hand	Equity	EV	Raise 0.75	Call	Fold
7c5h4s  47.000  0.177   15.935  54.649  29.416
AsJc2s  45.524  0.186   7.854   57.466  34.680
AsTs5h  45.212  0.172   10.881  53.407  35.712
Kh7d4d  45.086  0.177   15.851  46.015  38.134
Ac5s5d  45.065  0.183   12.463  46.529  41.008
KcJd8c  45.058  0.188   6.623   57.250  36.127
8h3c2s  44.889  0.175   20.618  46.775  32.607
8c7h3d  44.764  0.173   18.281  50.379  31.339
QdJh7h  44.543  0.163   14.567  48.962  36.471
AcJh3s  44.439  0.182   9.802   52.529  37.669
Qd9h5d  44.401  0.172   11.558  58.729  29.713
Ks8h5c  44.176  0.168   13.539  47.636  38.826
AsKc2d  43.744  0.171   8.787   51.884  39.329
TdTc8s  43.533  0.165   19.968  38.561  41.471
AsTh8h  43.522  0.171   10.068  52.836  37.096
QsTd6c  43.369  0.149   17.204  38.855  43.941
AdTh2c  43.259  0.172   9.761   49.301  40.938
JhTs9h  43.046  0.155   14.205  47.754  38.041
Ad9c6d  42.273  0.160   12.809  46.309  40.882
Qd9c6d  42.217  0.127   12.729  53.201  34.070
AsQhTc  48.367  0.209   1.643   56.330  42.028
4h3h2s  46.309  0.170   18.480  46.111  35.409
6s6h5c  46.004  0.168   23.172  41.803  35.025
TdTh4s  45.705  0.177   27.994  31.817  40.189
Kh6c4h  45.070  0.174   17.045  43.609  39.346
Kd7s6h  44.354  0.169   18.234  41.340  40.425
QcJc4d  44.310  0.164   15.489  47.330  37.181
AsAhJh  44.166  0.172   4.516   56.131  39.353
Jd9c7c  44.046  0.162   14.529  49.897  35.574
9c6d6h  43.482  0.164   24.694  33.409  41.897
