Hand	Equity	EV	Raise 0.75	Call	Fold
7c5h4s  47.000  0.177   15.935  54.649  29.416
AsJc2s  45.524  0.186   7.854   57.466  34.680
AsTs5h  45.212  0.172   10.881  53.407  35.712
Kh7d4d  45.086  0.177   15.851  46.015  38.134
Ac5s5d  45.065  0.183   12.463  46.529  41.008
KcJd8c  45.058  0.188   6.623   57.250  36.127
8h3c2s  44.889  0.175   20.618  46.775  32.607
8c7h3d  44.764  0.173   18.281  50.379  31.339
QdJh7h  44.543  0.163   14.567  48.962  36.471
AcJh3s  44.439  0.182   9.802   52.529  37.669
Qd9h5d  44.401  0.172   11.558  58.729  29.713
Ks8h5c  44.176  0.168   13.539  47.636  38.826
AsKc2d  43.744  0.171   8.787   51.884  39.329
TdTc8s  43.533  0.165   19.968  38.561  41.471
AsTh8h  43.522  0.171   10.068  52.836  37.096
QsTd6c  43.369  0.149   17.204  38.855  43.941
AdTh2c  43.259  0.172   9.761   49.301  40.938
JhTs9h  43.046  0.155   14.205  47.754  38.041
Ad9c6d  42.273  0.160   12.809  46.309  40.882
Qd9c6d  42.217  0.127   12.729  53.201  34.070
AsQhTc  48.367  0.209   1.643   56.330  42.028
4h3h2s  46.309  0.170   18.480  46.111  35.409
6s6h5c  46.004  0.168   23.172  41.803  35.025
TdTh4s  45.705  0.177   27.994  31.817  40.189
Kh6c4h  45.070  0.174   17.045  43.609  39.346
Kd7s6h  44.354  0.169   18.234  41.340  40.425
QcJc4d  44.310  0.164   15.489  47.330  37.181
AsAhJh  44.166  0.172   4.516   56.131  39.353
Jd9c7c  44.046  0.162   14.529  49.897  35.574
9c6d6h  43.482  0.164   24.694  33.409  41.897
AdJd6h  47.064  0.190   8.322   57.848  33.830
Td5c4d  46.873  0.179   16.204  53.865  29.931
Tc5h3h  46.756  0.182   14.889  54.136  30.975
AsQc5s  46.037  0.178   9.791   54.082  36.127
8d7d5c  45.860  0.167   17.151  52.397  30.452
8d6h4d  45.716  0.172   19.251  49.421  31.328
Js7s3h  45.681  0.171   15.746  52.772  31.481
5d5h4d  45.430  0.170   24.651  36.508  38.841
9c5h4c  45.232  0.173   18.198  49.532  32.270
Th7c2d  45.192  0.178   16.894  48.417  34.689
Kc5d3h  45.107  0.178   18.066  43.380  38.554
8c6h2c  45.018  0.169   20.267  44.826  34.907
8h3d2s  44.892  0.175   20.635  46.761  32.604
9d4c2h  44.870  0.182   19.475  47.518  33.007
9h8s7h  44.774  0.164   15.305  51.676  33.019
9h4c2h  44.726  0.178   18.205  46.743  35.052
9d3d2c  44.682  0.178   18.115  46.305  35.580
QcJd4h  44.233  0.164   17.250  42.704  40.045
Jc9d8c  44.171  0.164   14.064  47.530  38.406
Js8d3h  44.168  0.167   14.852  47.981  37.166
AcTsTd  43.969  0.172   12.350  43.135  44.516
QhJd9h  43.952  0.164   12.014  48.980  39.007
AhQs7c  43.535  0.170   11.491  47.635  40.874
9h6s6c  43.495  0.164   24.651  33.362  41.987
KhJc4s  43.163  0.160   12.445  44.759  42.796
Ah9h5h  43.088  0.171   5.924   53.476  40.599
KcQh4s  42.939  0.165   13.246  45.850  40.904
KcJc9s  42.610  0.159   12.319  46.389  41.292
KdQdJs  42.470  0.158   11.743  49.900  38.357
KdTc2s  42.005  0.150   14.522  38.457  47.021
