Hand	Equity	EV	Raise 1.20	Call	Fold
Kh6c4h  61.464  0.285   14.223  32.887  52.890
4h3h2s  53.409  0.290   13.893  36.886  49.221
6s6h5c  53.270  0.193   18.230  31.269  50.501
Kd7s6h  50.951  0.191   12.432  33.550  54.018
9c6d6h  50.603  0.222   17.197  26.110  56.693
TdTh4s  49.500  0.245   21.852  23.213  54.936
QcJc4d  43.791  0.123   10.443  37.823  51.734
Jd9c7c  43.781  0.117   11.384  38.713  49.903
AsAhJh  43.308  0.125   0.823   45.421  53.756
AsQhTc  41.460  0.073   0   44.950  55.050
Kh7d4d  60.886  0.306   11.379  37.814  50.807
TdTc8s  48.672  0.199   11.470  32.407  56.124
7c5h4s  48.601  0.146   11.952  42.848  45.200
8c7h3d  46.615  0.145   11.876  41.964  46.160
8h3c2s  46.205  0.149   12.923  41.070  46.008
Ks8h5c  45.816  0.128   7.685   40.561  51.754
Qd9h5d  44.998  0.128   6.441   48.234  45.325
QdJh7h  44.405  0.120   9.979   39.057  50.964
Qd9c6d  44.203  0.127   7.833   43.479  48.688
AcJh3s  43.626  0.119   3.912   44.536  51.552
AsTs5h  43.556  0.116   5.915   43.580  50.504
QsTd6c  43.364  0.106   11.785  32.113  56.101
AdTh2c  43.360  0.114   3.810   42.750  53.440
JhTs9h  42.770  0.123   8.493   38.741  52.766
AsJc2s  42.743  0.111   4.005   46.426  49.568
KcJd8c  42.324  0.118   0.622   49.632  49.746
Ad9c6d  41.933  0.123   7.771   37.534  54.694
AsTh8h  41.743  0.114   4.531   44.812  50.657
AsKc2d  41.274  0.098   4.451   41.913  53.636
Ac5s5d  39.789  0.156   6.951   36.648  56.400
