Hand	Equity	EV	Raise 1.20	Call	Fold
Kh6c4h  61.464  0.285   14.223  32.887  52.890
4h3h2s  53.409  0.290   13.893  36.886  49.221
6s6h5c  53.270  0.193   18.230  31.269  50.501
Kd7s6h  50.951  0.191   12.432  33.550  54.018
9c6d6h  50.603  0.222   17.197  26.110  56.693
TdTh4s  49.500  0.245   21.852  23.213  54.936
QcJc4d  43.791  0.123   10.443  37.823  51.734
Jd9c7c  43.781  0.117   11.384  38.713  49.903
AsAhJh  43.308  0.125   0.823   45.421  53.756
AsQhTc  41.460  0.073   0   44.950  55.050
Kh7d4d  60.886  0.306   11.379  37.814  50.807
TdTc8s  48.672  0.199   11.470  32.407  56.124
7c5h4s  48.601  0.146   11.952  42.848  45.200
8c7h3d  46.615  0.145   11.876  41.964  46.160
8h3c2s  46.205  0.149   12.923  41.070  46.008
Ks8h5c  45.816  0.128   7.685   40.561  51.754
Qd9h5d  44.998  0.128   6.441   48.234  45.325
QdJh7h  44.405  0.120   9.979   39.057  50.964
Qd9c6d  44.203  0.127   7.833   43.479  48.688
AcJh3s  43.626  0.119   3.912   44.536  51.552
AsTs5h  43.556  0.116   5.915   43.580  50.504
QsTd6c  43.364  0.106   11.785  32.113  56.101
AdTh2c  43.360  0.114   3.810   42.750  53.440
JhTs9h  42.770  0.123   8.493   38.741  52.766
AsJc2s  42.743  0.111   4.005   46.426  49.568
KcJd8c  42.324  0.118   0.622   49.632  49.746
Ad9c6d  41.933  0.123   7.771   37.534  54.694
AsTh8h  41.743  0.114   4.531   44.812  50.657
AsKc2d  41.274  0.098   4.451   41.913  53.636
Ac5s5d  39.789  0.156   6.951   36.648  56.400
Kc5d3h  56.765  0.289   12.875  35.521  51.604
QcJd4h  52.077  0.251   11.982  33.625  54.393
KdTc2s  50.497  0.248   9.143   31.700  59.157
5d5h4d  49.072  0.146   19.160  27.666  53.174
9h6s6c  48.471  0.178   16.876  26.315  56.809
8d7d5c  47.437  0.144   15.191  37.457  47.352
8d6h4d  47.336  0.148   16.281  35.388  48.330
Td5c4d  46.867  0.138   12.520  42.049  45.431
Tc5h3h  46.652  0.141   10.096  44.240  45.664
Js7s3h  46.453  0.137   11.916  41.148  46.936
9h8s7h  46.434  0.141   13.137  37.087  49.776
9d4c2h  46.299  0.156   12.379  41.258  46.363
8h3d2s  46.206  0.149   12.922  41.080  45.998
Jc9d8c  45.922  0.140   10.316  36.964  52.720
Th7c2d  45.879  0.146   9.545   42.509  47.946
9c5h4c  45.804  0.138   14.159  38.700  47.141
8c6h2c  45.707  0.140   14.837  35.980  49.182
QhJd9h  45.662  0.135   8.289   38.582  53.129
Js8d3h  45.033  0.139   8.583   41.237  50.180
Ah9h5h  44.793  0.143   0.910   44.688  54.402
9h4c2h  44.394  0.140   12.541  38.747  48.713
9d3d2c  44.130  0.137   12.246  38.814  48.940
KhJc4s  44.088  0.123   6.323   38.197  55.480
KcQh4s  44.025  0.129   7.528   38.074  54.398
KcJc9s  43.399  0.127   7.592   38.065  54.343
AdJd6h  43.244  0.120   3.280   47.510  49.210
KdQdJs  42.973  0.116   7.414   40.099  52.487
AhQs7c  42.686  0.111   6.143   39.122  54.735
AsQc5s  42.635  0.108   5.766   42.640  51.594
AcTsTd  36.782  0.164   2.830   39.611  57.559
