Hand	Equity	EV	Raise 1.20	Call	Fold
Ac5s5d  39.789  0.156   6.951   36.648  56.400
Ac8h2c	54.695	0.363	7.559	37.599	54.843	
AcJh3s  43.626  0.119   3.912   44.536  51.552
AcTsTd  36.782  0.164   2.830   39.611  57.559
Ad5s2c	49.493	0.161	9.667	37.071	53.262	
Ad9c6d  41.933  0.123   7.771   37.534  54.694
AdJd6h  43.244  0.120   3.280   47.510  49.210
AdKc6s	41.187	0.106	3.840	43.084	53.076	
AdTh2c  43.360  0.114   3.810   42.750  53.440
Ah7d2d	53.269	0.196	9.710	35.564	54.726	
Ah9c3h	41.909	0.116	6.352	37.593	56.055	
Ah9h5h  44.793  0.143   0.910   44.688  54.402
AhQs7c  42.686  0.111   6.143   39.122  54.735
As5d4d	46.460	0.142	8.304	39.942	51.754	
As9h6s	41.859	0.122	7.770	37.513	54.717	
AsAh4s	50.423	0.197	5.941	38.817	55.242	
AsAhJh  43.308  0.125   0.823   45.421  53.756
AsJc2s  42.743  0.111   4.005   46.426  49.568
AsKc2d  41.274  0.098   4.451   41.913  53.636
AsKc6c	41.684	0.108	3.604	45.089	51.307	
AsKh2c	41.150	0.096	4.438	41.860	53.702	
AsQc5s  42.635  0.108   5.766   42.640  51.594
AsQhTc  41.460  0.073   0   44.950  55.050
AsTd6d	43.083	0.117	4.141	45.802	50.057	
AsTh5h	43.333	0.117	5.435	44.164	50.402	
AsTh8h  41.743  0.114   4.531   44.812  50.657
AsTs2c	42.680	0.112	3.744	46.569	49.687	
AsTs5h  43.556  0.116   5.915   43.580  50.504
AsTs5s	46.056	0.140	0.386	46.893	52.721	
Jc9d8c  45.922  0.140   10.316  36.964  52.720
JcTs9h	42.579	0.111	8.711	37.489	53.799	
Jd9c7c  43.781  0.117   11.384  38.713  49.903
JdJc9s	48.464	0.236	7.886	34.914	57.201	
Jh6h5c	47.767	0.143	14.359	37.022	48.618	
JhTs9h  42.770  0.123   8.493   38.741  52.766
Js7s3h  46.453  0.137   11.916  41.148  46.936
Js8d3h  45.033  0.139   8.583   41.237  50.180
Kc5d3h  56.765  0.289   12.875  35.521  51.604
Kc6h3h	63.707	0.313	10.717	35.958	53.325	
KcJc9s  43.399  0.127   7.592   38.065  54.343
KcJd8c  42.324  0.118   0.622   49.632  49.746
KcQh4s  44.025  0.129   7.528   38.074  54.398
Kd7s6h  50.951  0.191   12.432  33.550  54.018
KdQdJs  42.973  0.116   7.414   40.099  52.487
KdTc2s  50.497  0.248   9.143   31.700  59.157
Kh6c4h  61.464  0.285   14.223  32.887  52.890
Kh7c3h	53.501	0.301	11.906	35.943	52.151	
Kh7d4d  60.886  0.306   11.379  37.814  50.807
KhJc4s  44.088  0.123   6.323   38.197  55.480
KhQc8s	41.550	0.104	1.197	42.414	56.389	
Ks8h5c  45.816  0.128   7.685   40.561  51.754
KsQc6d	42.802	0.119	6.599	38.179	55.221	
QcJc4d  43.791  0.123   10.443  37.823  51.734
QcJd4h  52.077  0.251   11.982  33.625  54.393
Qd9c6d  44.203  0.127   7.833   43.479  48.688
Qd9h5d  44.998  0.128   6.441   48.234  45.325
QdJh7h  44.405  0.120   9.979   39.057  50.964
QdJh9h	45.544	0.134	8.119	38.694	53.187	
Qh3c3h	52.045	0.240	11.282	36.373	52.344	
QhJd9h  45.662  0.135   8.289   38.582  53.129
Qs7h4s	47.076	0.145	12.502	37.652	49.846	
QsQhJd	43.084	0.196	9.767	32.250	57.982	
QsTd6c  43.364  0.106   11.785  32.113  56.101
Tc5h3h  46.652  0.141   10.096  44.240  45.664
Tc7h6s	45.478	0.127	13.835	36.878	49.288	
Tc8c6h	44.945	0.128	13.034	36.626	50.340	
Tc9h6c	44.231	0.118	11.706	37.408	50.886	
Tc9s3c	43.854	0.124	8.270	41.777	49.953	
Td5c4d  46.867  0.138   12.520  42.049  45.431
Td7d6h	46.215	0.139	13.857	36.764	49.380	
TdTc8s  48.672  0.199   11.470  32.407  56.124
TdTh4s  49.500  0.245   21.852  23.213  54.936
Th7c2d  45.879  0.146   9.545   42.509  47.946
Ts5s3c	46.485	0.139	10.481	43.550	45.969	
Ts8d8c	48.111	0.233	12.250	31.789	55.961	
9c5h4c  45.804  0.138   14.159  38.700  47.141
9c6d6h  50.603  0.222   17.197  26.110  56.693
9d3d2c  44.130  0.137   12.246  38.814  48.940
9d4c2h  46.299  0.156   12.379  41.258  46.363
9h4c2h  44.394  0.140   12.541  38.747  48.713
9h6s6c  48.471  0.178   16.876  26.315  56.809
9h8s7d	45.773	0.137	13.018	37.075	49.907	
9h8s7h  46.434  0.141   13.137  37.087  49.776
9s4d2h	46.304	0.156	12.394	41.193	46.413	
9s8c2d	44.005	0.131	9.465	41.564	48.971	
8c6h2c  45.707  0.140   14.837  35.980  49.182
8c7h3d  46.615  0.145   11.876  41.964  46.160
8d6h4d	47.336	0.148	16.281	35.388	48.330	
8d6h4d  47.336  0.148   16.281  35.388  48.330
8d7d5c  47.437  0.144   15.191  37.457  47.352
8d8h4h	50.740	0.208	19.972	24.724	55.304	
8d8h5s	50.780	0.172	21.064	24.497	54.439	
8h3c2s  46.205  0.149   12.923  41.070  46.008
8h3d2s  46.206  0.149   12.922  41.080  45.998
8s8d3s	50.565	0.186	20.333	22.922	56.745	
7c5h4s  48.601  0.146   11.952  42.848  45.200
7h4d2h	47.242	0.145	14.125	39.803	46.071	
7h4d3c	48.695	0.149	10.419	45.638	43.943	
6s6d2h	51.901	0.168	21.702	25.133	53.165	
6s6h5c  53.270  0.193   18.230  31.269  50.501
5d5h4d  49.072  0.146   19.160  27.666  53.174
5s4h2h	47.630	0.143	12.748	39.840	47.412	
4h3h2s  53.409  0.290   13.893  36.886  49.221
4s3h2s	34.841	0.044	13.383	34.046	52.571	
4s4d2c	49.169	0.161	17.349	34.592	48.059	
