Hand	Equity	EV	Raise 0.75	Call	Fold
Ac5s5d  45.065  0.183   12.463  46.529  41.008
Ac8h2c	42.987	0.167	12.669	44.808	42.523	
AcJh3s  44.439  0.182   9.802   52.529  37.669
AcTsTd  43.969  0.172   12.350  43.135  44.516
Ad5s2c	45.545	0.176	12.820	48.674	38.506	
Ad9c6d  42.273  0.160   12.809  46.309  40.882
AdJd6h  47.064  0.190   8.322   57.848  33.830
AdKc6s	43.729	0.177	10.264	50.547	39.190	
AdTh2c  43.259  0.172   9.761   49.301  40.938
Ah7d2d	44.526	0.176	13.640	45.455	40.906	
Ah9c3h	42.460	0.164	11.818	45.138	43.043	
Ah9h5h  43.088  0.171   5.924   53.476  40.599
AhQs7c  43.535  0.170   11.491  47.635  40.874
As5d4d	45.962	0.178	11.552	51.091	37.357	
As9h6s	42.300	0.161	12.746	46.322	40.932	
AsAh4s	44.238	0.175	11.528	46.325	42.146	
AsAhJh  44.166  0.172   4.516   56.131  39.353
AsJc2s  45.524  0.186   7.854   57.466  34.680
AsKc2d  43.744  0.171   8.787   51.884  39.329
AsKc6c	40.962	0.088	7.430	56.058	36.512	
AsKh2c	43.726	0.170	8.847	51.741	39.412	
AsQc5s  46.037  0.178   9.791   54.082  36.127
AsQhTc  48.367  0.209   1.643   56.330  42.028
AsTd6d	45.106	0.182	9.068	55.466	35.465	
AsTh5h	45.554	0.180	10.555	53.436	36.008	
AsTh8h  43.522  0.171   10.068  52.836  37.096
AsTs2c	45.014	0.178	8.521	56.021	35.458	
AsTs5h  45.212  0.172   10.881  53.407  35.712
AsTs5s	44.283	0.171	4.616	57.117	38.266	
Kc5d3h  45.107  0.178   18.066  43.380  38.554
Kc6h3h	44.402	0.174	16.368	43.071	40.561	
KcJc9s  42.610  0.159   12.319  46.389  41.292
KcJd8c  45.058  0.188   6.623   57.250  36.127
KcQh4s  42.939  0.165   13.246  45.850  40.904
Kd7s6h  44.354  0.169   18.234  41.340  40.425
KdQdJs  42.470  0.158   11.743  49.900  38.357
KdTc2s  42.005  0.150   14.522  38.457  47.021
Kh6c4h  45.070  0.174   17.045  43.609  39.346
Kh7c3h	44.781	0.173	15.222	46.278	38.500	
Kh7d4d  45.086  0.177   15.851  46.015  38.134
KhJc4s  43.163  0.160   12.445  44.759  42.796
KhQc8s	42.120	0.157	5.660	50.891	43.450	
Ks8h5c  44.176  0.168   13.539  47.636  38.826
KsQc6d	42.905	0.161	12.987	44.348	42.665	
QcJc4d  44.310  0.164   15.489  47.330  37.181
QcJd4h  44.233  0.164   17.250  42.704  40.045
Qd9c6d  42.217  0.127   12.729  53.201  34.070
Qd9h5d  44.401  0.172   11.558  58.729  29.713
QdJh7h  44.543  0.163   14.567  48.962  36.471
QdJh9h	43.953	0.164	12.092	48.754	39.154	
Qh3c3h	44.800	0.183	18.224	44.204	37.573	
QhJd9h  43.952  0.164   12.014  48.980  39.007
Qs7h4s	46.052	0.179	16.585	48.451	34.964	
QsQhJd	43.843	0.168	19.446	37.001	43.553	
QsTd6c  43.369  0.149   17.204  38.855  43.941
Jc9d8c  44.171  0.164   14.064  47.530  38.406
JcTs9h	42.472	0.151	13.405	47.000	39.595	
Jd9c7c  44.046  0.162   14.529  49.897  35.574
JdJc9s	43.338	0.171	18.543	38.256	43.202	
Jh6h5c	46.503	0.173	17.545	48.985	33.470	
JhTs9h  43.046  0.155   14.205  47.754  38.041
Js7s3h  45.681  0.171   15.746  52.772  31.481
Js8d3h  44.168  0.167   14.852  47.981  37.166
Tc5h3h  46.756  0.182   14.889  54.136  30.975
Tc7h6s	44.187	0.169	18.160	48.960	32.879	
Tc8c6h	44.075	0.158	16.500	49.532	33.967	
Tc9h6c	43.716	0.157	15.261	48.414	36.325	
Tc9s3c	44.582	0.172	13.986	50.482	35.532	
Td5c4d  46.873  0.179   16.204  53.865  29.931
Td7d6h	44.184	0.158	16.624	50.939	32.437	
TdTc8s  43.533  0.165   19.968  38.561  41.471
TdTh4s  45.705  0.177   27.994  31.817  40.189
Th7c2d  45.192  0.178   16.894  48.417  34.689
Ts5s3c	46.634	0.180	15.509	53.324	31.167	
Ts8d8c	43.344	0.161	19.537	39.126	41.337	
9c5h4c  45.232  0.173   18.198  49.532  32.270
9c6d6h  43.482  0.164   24.694  33.409  41.897
9d3d2c  44.682  0.178   18.115  46.305  35.580
9d4c2h  44.870  0.182   19.475  47.518  33.007
9h4c2h  44.726  0.178   18.205  46.743  35.052
9h6s6c  43.495  0.164   24.651  33.362  41.987
9h8s7d	44.934	0.165	15.816	49.358	34.827	
9h8s7h  44.774  0.164   15.305  51.676  33.019
9s4d2h	44.851	0.182	19.500	47.392	33.109	
9s8c2d	42.245	0.181	14.910	50.997	34.093	
8c6h2c  45.018  0.169   20.267  44.826  34.907
8c7h3d  44.764  0.173   18.281  50.379  31.339
8d6h4d	45.716	0.172	19.251	49.421	31.328	
8d6h4d  45.716  0.172   19.251  49.421  31.328
8d7d5c  45.860  0.167   17.151  52.397  30.452
8d8h4h	45.028	0.174	25.908	33.205	40.888	
8d8h5s	45.250	0.171	26.753	33.879	39.367	
8h3c2s  44.889  0.175   20.618  46.775  32.607
8h3d2s  44.892  0.175   20.635  46.761  32.604
8s8d3s	44.764	0.174	27.416	29.549	43.036	
7c5h4s  47.000  0.177   15.935  54.649  29.416
7h4d2h	46.229	0.178	18.586	49.945	31.469	
7h4d3c	46.700	0.179	15.613	55.435	28.952	
6s6d2h	45.080	0.170	26.303	35.942	37.754	
6s6h5c  46.004  0.168   23.172  41.803  35.025
5d5h4d  45.430  0.170   24.651  36.508  38.841
5s4h2h	46.077	0.172	18.229	48.935	32.836	
4h3h2s  46.309  0.170   18.480  46.111  35.409
4s3h2s	46.223	0.169	18.822	45.557	35.622	
4s4d2c	44.561	0.165	22.222	44.835	32.943	
